1
2
4
1013
1014
1015
1026
1101
1102
1104
1106
1107
1108
1110
1112
1113
1114
1115
1116
1118
1120
1121
1122
1123
1124
1125
1126
1127
1128
1131
1133
1136
1137
1140
1141
1149
1150
1157
1201
1202
1205
1206
1207
1208
1209
1210
1211
1212
1213
1214
1216
1217
1218
1219
1221
1222
1225
1226
1228
1229
1230
1231
1232
1233
1234
1235
1237
1238
1241
1242
1243
1245
1301
1303
1304
1306
1307
1309
1310
1311
1313
1315
1316
1317
1318
1319
1320
1321
1322
1323
1324
1325
1331
1333
1334
1335
1399
1401
1402
1405
1406
1407
1408
1409
1411
1412
1413
1414
1415
1416
1417
1418
1419
1420
1421
1422
1423
1424
1426
1427
1428
1429
1430
1431
1432
1433
1434
1435
1436
1437
1438
1439
1440
1441
1442
1443
1444
1445
1447
1448
1449
1450
1452
1455
1501
1503
1504
1505
1506
1507
1508
1509
1510
1511
1512
1513
1514
1515
1516
1517
1518
1519
1520
1521
1523
1524
1525
1526
1528
1529
1605
2005
2006
2007
2302
2314
2327
2328
2329
2332
2337
2338
2340
2341
2342
2343
2345
2346
2347
2349
2350
2354
2355
2356
2357
2358
2360
2362
2367
2368
2369
2377
2601
2602
2603
2604
2606
2607
2608
2609
2610
2611
2612
2613
2614
2615
2616
2617
2618
2620
2621
2622
2623
2624
2625
2627
2628
2629
2630
2631
2632
2633
2634
2635
2636
2638
2639
2640
2641
2642
2643
2646
2647
2648
2649
2650
2651
2652
2653
2654
2655
2656
2657
2658
2659
2660
2661
2662
2663
2664
2665
2666
2673
2682
2683
2702
2704
2705
2706
2707
2708
2709
2710
2711
2712
2713
2714
2715
2716
2717
2718
2719
2721
2722
2723
2724
2725
2726
2727
2729
2730
2731
2732
2733
2734
2735
2736
2737
2738
2739
2740
2741
2743
2744
2745
2746
2747
2748
2749
2750
2751
2752
2753
2754
2755
2757
2758
2761
2762
2763
2764
2765
2767
2768
2769
2770
2771
2772
2776
3011
3016
3018
3019
3021
3403
3410
3425
3451
3454
3456
3457
3458
3459
3460
3461
3462
3463
3464
3465
3466
3701
3760
3766
3781
3782
3786
3795
3801
3802
3803
3804
3805
3806
3807
3808
3809
3810
3811
3812
3813
3814
3815
3817
3819
3820
3821
3822
3823
3825
3826
3828
3829
3830
3831
3833
3841
3843
3844
3845
3846
3847
3848
3849
3850
3852
3853
3854
3855
3856
3857
3859
3860
3905
3908
3918
3920
3923
3925
3926
4023
4024
4669
4670
4672
4675
4676
4677
4678
4680
4685
4864
4917
4927
4928
4929
4931
4932
4933
4934
4937
4938
4941
4943
4944
4945
4946
4948
4949
4950
4952
4953
4954
4955
4956
4957
4959
4960
4961
4962
4964
4965
4966
4967
4968
4969
4970
4971
4972
4973
4974
4975
4976
4977
4978
4979
4980
4981
4982
4983
4984
4985
4987
4989
4991
4992
4993
4994
4995
4996
4998
4999
5008
5009
5012
5017
5022
5502
5530
5531
5532
5533
5535
5536
5537
5540
5703
5720
5832
5842
5851
5862
5865
5901
5902
5903
5904
5907
5909
5910
5911
5912
5913
5914
5915
5916
5919
5921
5922
5924
5930
5935
5942
5986
5988
5990
