1
2
3
4
1013
1106
1110
1112
1113
1114
1115
1116
1118
1120
1121
1122
1123
1124
1127
1201
1202
1209
1210
1211
1212
1213
1214
1216
1217
1218
1219
1222
1225
1228
1229
1230
1232
1233
1235
1238
1241
1242
1301
1303
1304
1306
1307
1308
1309
1310
1311
1313
1315
1316
1317
1318
1319
1320
1321
1322
1325
1331
1333
1334
1399
1401
1405
1406
1407
1408
1409
1412
1413
1414
1415
1417
1418
1419
1420
1421
1422
1423
1424
1426
1427
1430
1431
1434
1437
1441
1442
1445
1452
1501
1503
1504
1505
1506
1507
1508
1509
1510
1511
1512
1513
1514
1516
1517
1518
1519
1520
1523
1525
1605
2006
2025
2302
2314
2327
2328
2329
2337
2341
2345
2356
2357
2601
2602
2604
2606
2607
2608
2610
2611
2612
2613
2615
2616
2617
2620
2621
2622
2624
2625
2627
2628
2629
2630
2631
2633
2634
2635
2639
2640
2641
2642
2643
2646
2647
2648
2649
2651
2652
2653
2654
2656
2657
2659
2660
2662
2663
2664
2666
2667
2673
2682
2683
2702
2704
2705
2707
2708
2709
2710
2711
2712
2713
2715
2716
2717
2718
2719
2721
2722
2723
2725
2726
2727
2729
2731
2732
2733
2734
2736
2737
2738
2739
2740
2741
2743
2744
2745
2748
2749
2750
2751
2752
2753
2755
2757
2758
2759
2761
2762
2763
2764
2765
2767
2769
2770
2772
2776
2780
3011
3410
3425
3701
3760
3766
3786
3795
3801
3804
3805
3806
3807
3808
3809
3810
3811
3812
3813
3814
3815
3817
3819
3820
3821
3822
3823
3825
3826
3828
3829
3830
3831
3833
3841
3843
3844
3846
3848
3853
3854
3855
3857
3859
3905
3908
3918
3925
3926
4020
4670
4671
4672
4675
4676
4864
4917
4927
4928
4931
4932
4934
4937
4938
4943
4944
4945
4946
4948
4950
4952
4953
4954
4955
4956
4959
4960
4961
4962
4964
4965
4966
4967
4968
4969
4970
4971
4972
4973
4974
4976
4977
4978
4979
4980
4981
4982
4983
4984
4985
4987
4989
4991
4992
4993
4995
4996
4998
4999
5008
5010
5502
5530
5533
5703
5720
5832
5842
5851
5862
5865
5901
5902
5903
5904
5907
5910
5911
5912
5913
5915
5919
5921
5922
5924
5930
5935
5942
5986
5988
5990
